22274
23104
19569
17896
23447
10179
17474
22378
19175
7485
20180
1778
10208
17721
33347
24494
7775
20865
1611
18359
21763
25093
16891
21937
25764
23442
29151
19055
9217
10187
10883
25403
22031
22134
9697
20189
22451
22721
23311
28190
10234
22991
20604
24452
22096
30517
24594
28132
21624
33488
1242
16483
26748
8860
8975
23343
38046
29203
28011
13191
10737
17871
29246
22756
19416
19826
18831
18944
19611
12220
20020
7949
26217
18852
17564
13988
22819
29315
11746
21698
20417
22825
20792
29428
37865
9931
23033
8397
21411
17277
17002
19757
10338
23409
6179
20893
20083
32053
25681
22704
23562
9036
25634
24644
20844
15527
20470
26079
1947
19880
15234
25500
25596
27448
21273
19599
21295
20518
4931
27255
14883
2903
20332
20904
19612
20223
18807
21914
11703
18293
8332
24755
18489
34054
13377
14875
13885
12849
24531
37023
17765
21178
25287
12203
11336
15507
8152
20572
18455
20937
30293
26694
30764
12123
21234
24143
23921
19499
17106
32645
25542
8708
21004
17654
23265
20768
6417
17189
35415
21758
14366
24796
21275
21451
20851
11331
11560
22133
19680
24540
19265
13575
19839
26337
24895
22412
20821
20238
20080
19878
26864
24668
24143
27989
36051
22260
13291
15929
21241
21866
10954
26087
14830
32315
19201
18704
1298
19860
22948
9342
24240
1073
23665
22396
23211
22094
6151
3030
19079
10863
26271
9364
1478
20281
23149
9474
31855
23191
20581
27196
22171
31237
26115
33927
20345
15139
21492
5001
15436
19792
19539
10538
2290
14553
5716
15864
27126
22023
19281
9639
13988
1020
23141
25030
18872
10092
24671
20956
21884
24229
35433
15313
25000
22599
26096
22386
19601
17610
21343
7476
19410
11724
8655
19353
23944
22328
12147
22505
14791
22262
23022
23172
35709
23333
25157
32314
21564
31211
6044
34804
28805
14432
19214
8762
21019
12945
29634
19152
19981
18808
19993
22533
1747
22095
14394
20341
23319
16467
2750
9776
32260
19144
20179
19828
19868
19644
19976
25782
22339
18886
22180
22559
28393
20547
26653
32044
12291
19899
21285
18819
29249
7243
10220
33672
20940
10190
21502
12306
23789
21076
2794
26210
18318
20573
20827
22697
18352
27056
9920
31318
11339
12493
8315
27219
32009
21185
16486
18964
1784
