416
203
14741
2544
798
4411
9162
9689
144
14708
187
13097
76
7494
710
284
14567
4635
117
8
662
14667
249
75
8553
9930
10563
275
11752
341
12403
8571
9402
11972
733
196
11584
875
10826
78
521
72
10213
11000
31
80
389
11194
14227
339
15652
233
13066
15454
295
8294
10718
142
4
153
156
13362
289
13583
12159
13545
11633
10715
4
247
48
49
9174
11319
7
422
3165
523
9736
7271
12097
5
233
6895
1344
12839
9
269
683
15229
10327
8938
188
2996
184
12070
117
15772
872
5
1
10556
191
1
11560
17299
10428
42
3131
125
116
138
9871
1753
166
488
75
8839
11416
11068
11664
14
16825
7830
10885
197
6991
15379
2
8481
9868
276
5898
630
14523
79
93
296
15
147
6936
109
472
6
12858
78
11694
23976
12191
301
10129
386
6450
12531
53
267
5
13
12682
72
11372
20
8493
62
158
14
11157
8414
3189
11925
295
849
3315
702
146
109
110
1550
10751
15313
11996
57
91
8493
1480
57
9355
13813
7869
16214
2962
97
1220
142
75
958
11137
220
14462
222
1
11493
109
10154
205
19517
12040
9426
80
5
8549
637
10712
1118
17114
2
236
13
9450
7189
5046
15
10475
11187
11733
32
368
79
109
9780
13755
163
450
239
4781
264
134
15641
211
179
7904
3249
10128
7999
2235
166
16713
1266
35
510
70
14131
122
3
232
416
188
83
13495
138
12847
274
12406
14292
143
8
9945
52
7
1549
13746
482
359
564
1
11074
207
7835
13754
11376
11586
452
34
209
169
1703
153
883
10857
53
507
7974
13338
252
8724
13233
226
318
78
13733
7
411
894
214
1
9739
7055
192
3882
142
9237
11496
12135
14680
10300
11
8540
201
13198
558
140
137
108
181
92
3693
146
367
278
246
14
754
10317
1107
8414
412
15
242
2
7932
620
5990
11
17998
559
16940
10478
11089
3611
11421
8451
21567
62
9927
15170
93
145
14333
4
13821
13467
9021
313
6668
368
130
3222
378
8770
41
9
9584
35
4988
68
357
4
11619
11
621
11163
3126
8466
5584
12231
4
191
9969
207
14091
10991
8294
6615
11436
73
6
8
11340
132
12820
11177
10791
2814
10285
1883
88
11949
425
123
394
130
10974
12074
13
7839
11951
63
120
7055
4
126
221
11964
9866
7380
178
10665
3874
531
14976
2253
5949
106
8253
116
106
450
42
108
9664
122
402
12177
5945
12
6
63
67
191
149
1
343
13837
147
216
15877
12
9958
9610
388
17941
14663
110
119
6397
11
17658
636
11610
8
195
214
11879
226
10800
181
24764
9185
1476
6
15040
9729
1335
353
201
90
9029
116
80
9
6222
9254
94
132
11982
59
11896
47
9435
14873
12333
11998
5058
13
1886
1
226
72
57
8947
207
146
652
15224
181
11080
15200
11269
119
215
150
109
15572
10134
5299
136
9934
9827
10502
5164
12119
10
8691
22
11029
452
365
149
236
201
12573
830
1
9
173
180
110
51
110
188
14245
296
10543
454
3342
4377
7978
72
33
137
2832
9
12540
1466
9016
186
8672
188
425
48
65
585
101
290
8368
591
332
10735
1
9737
308
7178
1145
2693
111
6
19419
10053
8484
7
535
17198
2528
13788
119
48
229
8506
39
465
4
565
16869
1117
1
41
6950
125
11
9061
13648
17058
12
150
73
28
209
9066
182
640
11069
928
129
8798
13273
14383
220
10
10
400
11100
9292
15473
7837
179
1924
233
16870
13921
167
1
17162
1913
118
455
118
5170
14625
225
191
10221
241
6352
721
10
84
1
141
13102
256
11356
15025
326
9889
14321
2
240
4
7703
9428
8876
10452
4
508
14839
132
154
11
438
1284
208
84
13390
116
15775
3414
7589
11543
11122
250
158
11281
182
246
69
5
35
17073
249
169
52
102
226
566
709
7446
4465
2
546
9370
10
10944
6332
569
10277
11
7580
14845
231
512
8729
1108
352
16170
11975
31
315
35
9650
215
56
14325
211
197
201
97
176
10150
8
51
11823
13752
1589
10159
11
13313
593
175
10364
614
5832
12643
331
187
127
16091
250
4810
10369
143
13424
24945
217
140
30
1
65
15698
10166
1050
6710
1194
1504
95
13207
226
4
353
246
37
13956
7823
520
199
10082
10594
9205
17
187
10639
225
106
352
207
33
12287
15628
218
12508
385
204
1956
12407
13787
8012
71
104
10681
4152
18145
166
395
11140
9212
415
120
2
2152
3215
10796
12863
429
10541
8583
10992
13877
160
29
176
18011
1252
15511
34
62
7583
10992
169
134
11038
430
631
14458
301
10807
60
8585
10956
87
1
75
111
631
662
11312
85
8915
236
131
11475
2745
9
9
8375
5224
10789
107
172
13
394
520
425
14811
87
14931
294
9451
9861
8218
216
724
11
111
12972
5000
62
15052
158
77
81
13668
9565
5
12618
9370
7871
11
7432
15113
383
12312
143
11293
677
10637
186
90
46
1358
155
2860
12017
11189
205
618
66
674
121
13142
14
13494
378
14
9889
7678
331
13239
17150
8402
143
12443
8854
10047
415
67
423
8044
3918
13646
143
10549
8676
8027
37
5
15
136
9
179
9
1201
7249
84
6879
245
12
10664
4
69
10726
34
163
7784
49
207
221
11436
8803
8644
193
147
11350
148
329
88
19201
15557
222
190
199
194
15870
8512
6160
539
1
537
18332
13
11324
1014
140
13
14863
213
10
124
119
10327
71
11813
284
156
1902
226
15405
99
48
13822
9190
434
12385
132
65
109
183
53
141
10055
11
235
10837
11
13765
188
5306
534
9900
13963
156
8304
135
12059
151
5663
6
12705
8618
187
15277
213
11190
4
2804
199
92
73
398
93
12130
90
56
109
319
5
160
37
16903
1
160
103
16380
11570
107
7226
70
1235
12595
8
567
4412
5636
4
842
102
72
1594
124
347
122
188
154
5
148
11700
8354
8461
43
39
46
73
163
68
13961
167
88
13645
82
158
10822
4209
34
6180
60
12249
154
12552
15624
116
1700
157
68
11506
1061
16311
447
10121
15586
69
4843
12172
3128
10291
143
41
15
2510
10128
370
12566
189
7983
6824
9
13278
12059
86
3780
311
10384
8564
21300
216
15
10765
127
12334
66
9065
15383
144
11775
186
1293
155
16857
248
211
12770
7
2
1986
4197
237
1333
187
44
1
110
9957
306
5
12
79
9485
7804
7267
5
4114
13246
8129
339
11446
665
104
78
146
51
4756
342
364
133
6845
3724
11535
4281
8872
154
15
139
14214
177
10003
4
11549
299
11019
328
12794
15
9786
11934
59
507
6524
144
9
145
10190
651
5939
216
1153
91
158
11
319
77
16314
12
5233
2229
67
3491
1
15
10950
11642
4103
73
513
269
77
149
9804
7682
1
14288
503
19
2505
6389
211
125
7055
10
327
90
41
3574
211
12906
19122
5
177
9560
7427
15299
48
229
106
8812
16
15052
107
13535
1142
179
330
66
14
8200
1950
245
13
493
228
628
15173
9129
317
12
538
4058
11121
53
4
151
1514
12217
58
10191
213
71
14574
18351
95
99
10711
132
297
1
91
10260
5716
13597
76
679
7847
10826
5
9668
14806
111
13877
11428
263
220
31
3
12830
15163
20672
1231
1104
14165
2109
301
8290
189
86
215
176
32
4536
10106
37
8576
638
12
180
218
10624
189
61
16448
136
12244
296
9098
1
383
11048
101
7799
10676
82
297
123
11755
57
10086
7790
15
13794
5698
12
207
12782
2
82
40
967
1
12087
4100
3829
14696
9991
12161
562
16392
4995
4801
103
15954
249
11418
1
84
6643
69
51
2
347
686
187
12161
8901
11002
15330
8673
116
11080
5388
25
5157
383
713
5813
9994
67
6653
2
204
228
35
10263
10037
236
7639
291
4798
6920
772
363
12880
98
3117
9338
60
415
9477
243
10
91
11
11025
10560
1723
202
14370
11314
9566
11752
112
7596
289
1
4391
13079
67
13872
5
5277
298
11334
7759
356
93
128
256
12
10
66
11
16783
5
102
73
199
514
13
7176
4901
301
9778
11646
9784
9
766
6482
14537
4318
193
8703
14069
4865
373
46
7329
12415
651
34
11175
226
13439
10733
4
75
9
946
5472
11890
346
45
4595
2547
8501
183
5107
10279
12
6470
152
135
217
104
234
51
15166
9402
4713
78
1324
14390
117
175
2
7729
17
7801
370
7635
10769
79
11395
12742
8260
29
162
52
4
143
90
12545
97
233
5
311
1864
15
12904
90
228
8542
30
8578
11
6
10459
13358
1914
117
98
10421
14501
14177
8
1962
11780
353
963
124
7021
14718
192
11
12
2771
2337
10969
179
3263
33
27
10616
14
79
12955
10
11191
21
10808
12126
16281
108
564
844
10473
13132
125
13493
217
70
67
9833
99
11984
663
92
12
52
83
9434
2010
34
1
142
6494
79
11818
8382
23
93
31
78
2050
1
615
9
9128
335
4
153
69
197
177
4794
77
273
536
11681
14780
348
35
600
10516
1500
6560
9521
444
59
11888
2
575
10
192
9679
13732
86
247
16267
1370
5971
7
4425
13538
1
224
2848
44
52
14234
13062
14
6347
1251
247
2
182
1294
109
834
15
14491
45
4
11384
203
507
3351
208
120
10033
220
178
10649
231
92
239
2531
384
1
8
1819
9826
194
202
22226
143
162
98
14614
1681
11287
10807
1507
104
13271
328
113
15960
220
192
834
10
104
9137
9308
20913
8
43
380
17
73
4718
212
49
16083
32
124
805
32
355
131
11698
2
96
2
15
4
120
31
91
319
82
167
3561
501
12
8531
347
218
188
321
334
119
11468
8
3908
10676
113
13213
15
9528
230
215
124
145
1077
22
2459
10528
191
107
6987
12643
7991
76
10348
30
162
7391
605
14979
12955
548
232
11710
180
62
7981
11349
9894
6904
159
417
13809
3847
11645
16
9
2454
9888
249
9866
342
129
9292
1236
15005
132
236
3512
5095
35
146
3185
9390
5
7325
7522
372
9091
15444
53
78
11748
16822
15
320
368
59
98
10448
165
316
117
5540
13659
179
641
8328
8729
2660
11146
161
10460
9
9599
398
10435
127
51
14354
12736
119
223
3
140
13401
14002
517
164
11
12046
10048
386
28
405
8426
15
1130
1
10579
15
110
1174
15
8524
12194
85
67
17129
122
6584
9599
12
1404
13
428
120
16669
6263
571
137
328
4428
12821
412
14
154
114
5849
81
10642
43
10469
119
8438
64
134
15074
9
11446
148
724
14015
1
163
8511
158
167
218
12616
12847
98
530
13930
229
7
13630
99
16
193
410
15463
547
12053
9
17285
14553
522
7206
10874
10798
6723
90
673
1473
482
154
6
292
1
9419
11683
213
182
6
417
9906
2694
118
6
49
15850
7030
5229
1694
5798
10928
322
8450
9
9590
153
3482
6966
1480
1175
11563
8135
1714
43
9616
7
6414
40
155
5
154
577
231
352
1
152
11679
58
8917
201
13017
276
13210
98
168
622
14847
14330
8471
12963
15192
109
303
3
14
8480
9421
6064
16248
1150
1
112
129
35
4436
226
94
222
1
1083
17430
85
87
244
11128
429
4
196
7
5643
16236
98
8038
16808
44
172
128
15
73
194
148
90
55
1098
3685
312
10458
11106
2
126
21570
7416
4
4520
1
17373
4696
10909
16385
6
232
2440
680
5118
1697
171
79
163
10327
7682
240
10277
16883
12786
194
14
2952
17271
12085
777
57
6
13096
12033
304
431
10878
12973
304
12894
10649
5753
2
8460
289
12105
107
8187
56
42
12865
211
544
987
11440
446
13369
10422
14457
119
2364
15869
5749
527
85
11
12261
139
299
411
157
14770
2510
15708
10721
160
351
1
2072
13771
15
7270
463
12633
19
8556
1122
12029
15819
6294
184
9180
219
60
2830
2
17554
4
13
4317
114
11592
109
21
581
64
15583
6
5
1
654
5983
39
4
343
10183
9930
30
7254
240
431
9186
11859
8933
10253
382
188
12304
14
14
129
6465
16357
153
57
8710
10138
1991
14724
4797
3
315
11659
284
62
15
1401
21473
16729
133
10358
1158
9278
31
104
4819
16341
6019
5
2680
74
822
52
78
17285
9
13301
10
249
304
8830
42
7350
13501
66
9
10967
182
13512
236
12100
11544
7
3525
10704
8352
11712
333
1757
11806
8909
119
5
5796
10736
1
169
115
4
166
93
7655
223
15
13022
5154
5
901
76
13111
2251
733
12841
1
13961
388
46
390
6727
57
80
168
16328
10596
4568
11197
12493
43
197
111
237
8
1
483
11159
1119
71
708
17391
62
6699
80
14466
6386
551
2
14870
191
118
302
10922
8735
191
4693
3656
1
7989
9329
138
6120
2605
8
86
5
566
16479
3
364
12426
35
14309
137
8388
10911
13448
73
10257
111
12092
197
3820
12480
13143
203
2456
89
216
11828
56
126
9
10
226
16130
10816
3
10042
158
14706
14627
9200
495
14870
11412
12027
9967
17655
3
16461
146
10289
7
13122
14435
123
12011
7
9549
6401
482
111
7924
9
276
233
11110
1392
12836
199
10
4
1337
1
10260
8611
8
7
5427
391
10756
14989
12845
13
989
11191
14156
2404
193
12366
10531
47
13017
59
138
13039
11525
16878
133
10362
55
10510
12030
934
124
427
15664
3283
11
10898
178
7527
8064
1238
171
143
11
14060
2305
6753
8727
130
4179
11830
9519
928
3647
11182
342
92
137
8334
14994
234
12603
113
12617
167
6048
8640
7277
10949
14237
331
443
163
12131
14141
324
111
10874
2
87
9617
15
14857
428
1537
6897
9347
62
61
4538
135
136
68
7
1913
489
14517
12518
10497
43
413
2306
7908
9970
147
13243
10654
7735
109
177
16426
210
73
11136
121
173
234
34
13661
11143
9778
7810
159
284
5
10942
943
106
11421
13671
10284
2
51
10938
13942
1
75
9381
12485
413
803
110
7050
10052
7536
446
13382
315
82
14470
11250
10322
8
5237
124
73
91
123
1584
2460
296
10273
138
89
11241
411
352
14
90
12
2
10375
116
4
100
2212
134
385
220
443
28
94
8841
14302
29
202
399
46
14466
15
6478
507
16408
14
430
16661
5008
106
10431
97
11775
15
378
10376
34
86
9688
165
2501
7418
15444
2808
413
12091
10
23
1
375
241
1769
7552
227
170
15
10357
935
13072
13436
65
144
7361
5770
9129
311
218
1
11239
9166
128
182
686
13852
6725
1
526
680
133
12099
2413
13
8416
1
11942
11035
73
121
8
4
15189
187
205
53
13
83
234
1685
160
16580
18522
16
3706
13995
9429
61
9421
119
8075
50
327
127
12995
434
127
390
114
9
11380
48
70
104
410
114
177
548
470
9004
186
1
17652
10
394
40
2
461
358
14
788
13015
14
317
4226
64
813
8704
240
10586
7869
5
5
22290
12
10742
8
5
9902
306
8162
250
12824
12283
10893
5556
603
342
164
33
11590
8
13
5389
12354
10235
141
4882
570
17864
726
9886
394
139
13
138
123
8495
11208
11
240
676
486
15328
42
7773
4636
245
392
191
145
337
158
14636
8036
380
3596
9566
17727
9
230
521
10492
1253
170
1
13406
10
128
8687
10025
12
3853
270
2
98
17305
1631
12617
10369
14159
146
113
14
1538
19375
16031
64
380
371
6
47
189
300
139
16157
93
239
361
293
9022
1
12391
6893
910
13
62
9774
241
5
56
7
17574
8675
12468
15152
7210
238
4698
345
94
8787
10501
634
6644
7
11140
201
3866
9570
10708
13481
27
11926
11
355
8991
224
46
139
7
39
446
36
118
462
55
11558
6395
266
391
1473
120
779
385
13389
7
2753
17574
114
8098
6262
212
15950
361
175
86
4
681
107
17942
346
679
544
13084
89
116
7896
11429
152
12942
10733
13100
14446
8447
72
9487
160
22678
6817
314
11223
13307
2761
15316
42
495
16544
7315
184
15802
531
16117
199
214
9953
9593
403
7777
128
302
3898
23
9768
410
138
1
91
174
915
11960
2376
8464
46
136
461
27
10
12690
9608
5461
800
10
120
3290
7356
38
2
4833
8421
60
136
9200
12044
476
310
76
6
115
11711
8
221
3
14066
1565
54
7392
86
12472
157
65
7785
860
13573
5
133
11581
4655
182
9
104
117
12980
1
7599
12
1
381
7579
10697
8734
11
12416
426
62
6588
134
849
385
39
9157
14
94
10
214
192
126
91
9282
10505
11502
94
10818
142
5479
5551
141
86
8
247
243
2919
9112
241
543
71
15987
93
15274
93
101
5135
125
152
154
11892
16329
10666
4
56
16121
3577
66
52
14
144
2
17513
5746
7
7413
11326
907
143
13275
5
882
198
5616
168
65
1115
7
63
73
7848
14
202
16598
8264
2269
13781
11181
87
170
6
12
3
94
8445
7332
166
157
14704
165
1665
10821
29
4626
8662
14514
4
12
3069
8681
12237
18726
18283
207
58
5770
104
11339
400
142
1
1417
1010
8892
10
14
1968
224
16948
1062
12071
12389
12336
21620
209
9723
234
8192
154
126
182
10092
9
315
11178
224
12544
8179
12480
156
40
192
14603
851
56
45
241
243
149
10921
119
11120
203
109
7054
17954
99
71
116
164
16706
11659
16895
301
50
1485
2153
6396
183
61
249
446
741
201
806
211
10184
182
10580
14830
8935
9884
311
4
8
156
12991
3
110
153
342
9454
12524
103
571
184
176
2394
42
5396
13963
1
74
2176
2
11537
1934
14637
108
202
7
45
6
141
3138
371
5
159
13778
53
12218
8428
40
143
13028
2455
4640
11591
135
15843
137
227
10923
1
14857
63
4504
2
526
4572
11391
87
171
5066
615
5144
341
15247
11882
6187
3640
12
7648
11906
196
351
195
7508
288
82
19
14706
236
64
12251
8361
116
10329
198
14761
11062
10812
207
88
16152
200
183
883
8545
11493
40
8440
10753
63
3
2101
3343
596
11225
249
2
93
11662
11
6
11218
6428
7
11740
8458
7260
5650
11616
159
12680
1
141
140
23
163
187
89
119
11677
234
12528
16438
160
10
1
224
316
58
12063
6666
76
8591
4294
808
9583
139
15883
508
8990
124
5963
177
131
9600
3394
13
14071
4168
1150
231
744
6838
8746
735
12185
16313
10646
36
948
145
5509
13068
11
15
10370
10
14166
