22356
5540
12179
14325
15820
10825
12915
10412
11654
21432
10254
13092
12446
15177
1434
10976
11871
5970
20685
16341
27046
10607
26916
21297
23376
13895
23299
20865
23247
8485
10608
23675
12607
13277
19234
12944
10029
11560
14862
22580
8067
17991
12859
23112
15727
18302
11932
25626
14310
16376
17506
22065
15380
28414
14170
18355
9595
37269
18234
10684
24796
12395
17233
10184
20402
13635
10369
17220
24515
8330
12659
14409
22579
16460
12830
16649
18955
10267
29170
10611
24977
14585
17907
9921
20220
21318
17109
19673
6938
15639
17762
9373
19899
9967
20488
14545
25058
11499
25188
9419
11834
18225
29103
14776
10332
13175
10760
12917
19645
18262
12479
17210
15422
17164
17147
20216
22562
11089
18181
19137
11018
17339
12336
24214
9036
6857
13574
19030
17343
12178
14629
11292
26551
31606
8763
9938
12989
12318
15896
19748
9908
19768
12249
10675
22857
12494
18126
20129
11869
11482
13305
17173
31273
16029
21766
23206
21621
30499
8982
21147
11305
8233
10968
10702
30304
15038
24077
11153
7830
12424
21367
17023
9756
11425
14234
22118
15121
10416
23756
21055
11356
21389
13683
16731
12268
14592
23007
20797
20029
23599
16920
11681
19347
16098
18649
32106
17707
18287
11994
25678
13018
11515
21364
13569
16297
16486
20862
13340
11831
11256
26649
22875
19550
27481
19695
20850
13424
10593
24824
11497
13980
24592
13595
13834
15341
23051
13798
13414
12304
11566
15136
9346
14306
20880
24229
13278
9479
16172
15244
11184
20003
18720
15014
19717
17063
8894
15362
11922
18634
20985
22106
20693
12142
12015
12372
3975
10211
12365
10619
11684
16600
20078
13974
14159
5945
23062
24143
24875
13177
17843
15061
15846
22254
19528
8421
17421
2138
11027
11965
8384
19912
11239
11218
15812
16051
23061
15822
12441
13364
15745
10733
13839
14516
19354
11592
10826
9890
19422
13393
25186
21097
17164
12781
19702
15751
11947
19489
19298
9407
10609
9547
11887
23322
35671
13892
20474
10292
18698
16158
24834
10723
10460
9239
18958
18024
11018
25240
15539
11800
10384
17779
14702
16730
10280
10299
16906
15376
24034
14771
13298
16244
10790
10984
16243
28628
22344
17935
12926
18720
20931
19922
19904
19498
16123
15346
11010
15231
14406
12103
5540
19905
20338
14112
11409
9783
14401
20752
14115
9394
20573
11180
12512
16068
19775
10236
9322
19023
25839
17356
19443
19329
12234
14635
14937
18109
16960
10391
15730
35826
9917
11038
8655
24823
9469
14080
14855
14286
19150
7926
15645
14163
22825
11690
21289
16702
13961
10701
12798
11793
14949
14565
11206
5671
18234
5197
13775
14654
11026
14018
20623
19401
18998
11157
15060
25218
14048
17119
18220
13424
21408
20678
13045
21357
14413
37654
20767
16105
21873
30753
17567
11183
10522
15025
11874
16555
21032
14354
11756
7479
15225
14360
13172
17623
10609
11221
21682
21305
20061
19937
16507
10760
9586
14390
12466
16428
25012
7155
23743
9316
16144
8896
16609
28613
14375
28124
13385
14708
1574
10748
12331
32502
9618
12856
25215
11585
11692
12834
14883
12726
19173
9521
19803
7902
13236
20389
17158
4077
13129
25141
19469
20875
14822
19363
22352
7543
23216
13257
13335
11264
6934
12710
9685
16831
10437
18232
26977
23630
8440
24547
9127
12936
9952
25444
8686
25625
5283
21711
17879
28873
19224
15550
6510
22065
22077
13188
20346
17289
14598
12558
19028
3513
20675
19863
10135
11335
10274
12078
22347
12035
20502
14398
17427
11418
20756
12996
10408
10790
18033
22571
21520
11929
17690
18835
8696
28584
9118
14739
18388
8993
11131
11965
24548
18002
19242
12295
10871
17195
18029
16152
11565
16747
13294
14156
17059
21675
16424
11765
18889
7069
12478
18452
13336
14758
22783
23350
11306
12784
17908
18330
22720
8489
22391
12785
18090
10725
17055
20963
4357
20626
16497
16421
9849
31096
19817
16933
13372
18582
14675
12629
13501
13103
10854
13317
23335
11954
18751
7798
15649
27801
13581
11579
22459
16640
22920
1520
11655
20805
12732
10627
19054
11563
19720
10626
10894
14532
14228
8097
23997
19464
14127
19592
4466
21923
5756
18619
11889
13350
21155
16799
14443
11006
18824
15599
12789
19946
17278
24779
30113
19083
7780
9802
13181
15635
13052
23288
9102
17083
15361
10502
21533
19611
8804
12519
23235
15616
7814
9870
23391
19403
15177
15007
10639
9501
20343
18193
16222
24092
8439
23110
17093
16967
12831
13194
12499
7426
16035
19722
34951
17815
1210
14557
18248
4526
12870
16934
17818
17005
13171
20273
19226
14362
11756
9929
20489
15499
2892
8823
21019
7860
13303
20000
19684
15210
18279
23332
13555
13733
14419
9824
15314
31142
14225
20396
13762
9581
9004
17566
15725
18351
16371
14126
15564
18658
14879
16713
11092
19830
22145
12311
11141
12271
18022
10564
14459
14705
15762
16606
16313
17561
15898
14798
13688
14338
17461
11590
11912
19383
14195
1075
21625
18957
18993
15159
18778
34783
12902
14699
9829
19228
17842
11016
9318
13362
8179
10833
15566
9816
24034
18253
18256
8446
2642
16933
19875
27567
21466
8680
16059
38156
24571
18421
13604
15983
19419
15830
10889
11726
19630
17774
12005
22687
10429
13582
23300
30245
9489
22202
17517
21741
19752
10214
11618
18200
15152
18398
8921
14582
10544
9137
13744
17869
11216
17496
14795
19336
13196
16433
18366
11620
21585
10654
11185
15461
13021
16454
16472
24709
14763
19084
14359
16600
17982
16061
18604
14588
21153
11895
15058
14177
13459
14364
21135
17528
4986
13585
15907
22964
12250
14798
12301
24086
12912
21419
17167
12317
21487
13189
20233
20357
14269
11024
10619
16125
10907
22278
20475
18900
23220
8982
15308
13501
18444
12988
16126
11945
10621
12616
13123
12820
17493
22993
16791
20635
23049
9602
14103
13122
11595
8434
20743
12550
11013
18079
18887
13131
16370
1246
24369
14299
22595
20403
10231
11847
17171
12416
13661
12766
12828
9923
19184
10994
13928
17184
13027
16211
1503
20198
14773
17847
16513
12130
12422
18295
7665
19331
20865
19680
13864
8171
19291
12324
16023
10680
10910
14299
13491
14089
19692
18140
26144
15538
10291
15083
8899
10407
15887
17644
27080
11277
11941
8641
11332
15929
17738
24473
12868
12437
17333
17360
22491
20786
9418
15125
8924
12585
8613
14558
16374
10522
13903
7915
13908
19138
25411
17808
17518
25481
13179
12447
19994
20384
4527
11093
6355
14165
12861
12701
18873
13760
18259
10636
20091
9832
16661
13534
21801
17547
10434
12782
17169
10440
17130
22958
22965
13611
24150
12079
16013
10648
19014
12707
10794
17364
18780
14269
25072
10497
19513
15328
5390
21656
10144
8385
12012
14655
17610
19729
11276
11860
9566
19664
9425
19978
24977
11619
16752
17118
19642
19156
25118
15508
12472
20882
16725
10758
8684
10923
14400
20040
23357
22712
13918
14816
10437
16889
14738
10846
9619
11875
20052
6533
28908
13045
10057
11703
14737
16531
11207
8296
14017
10437
21920
27684
31939
17119
20884
25784
16892
12896
19801
19629
19026
11627
15140
10813
18386
11324
15733
13217
19928
11265
11819
18240
13568
2000
19461
10303
17077
19196
22490
23642
10457
13819
11569
23435
34579
11251
10830
12655
10884
10628
19354
22215
10742
23095
13239
11460
19618
10900
20351
8113
14980
24372
10249
11243
11316
13016
17029
19360
16926
12416
23734
20841
21188
15197
13316
12523
14467
7891
20722
15580
24597
19193
11868
11306
22226
20772
19598
17568
15377
8658
14153
13860
16899
17703
17912
24635
23045
10631
16248
10778
11560
23484
13171
18819
11733
17348
15955
10224
17629
13280
17699
12482
12798
10290
15139
10661
17559
24364
14367
15629
16672
20541
13823
11544
10581
1293
16485
13254
4189
13094
16440
11701
10265
12969
19816
19822
11199
10713
13762
11830
26207
15792
1066
14370
29273
18014
12294
14524
12383
15939
33542
10667
23444
9234
10503
21549
26499
14864
13530
20139
14337
11680
11693
22910
14052
21483
13042
30719
9931
15345
19242
10900
19802
21376
22420
20594
12487
18039
21707
8322
17240
20970
14865
12718
7973
10395
7038
19072
18276
10401
22736
19488
7706
17561
20733
9476
19269
19260
18720
11170
17921
8563
28434
11266
13661
13331
15467
12523
14680
9194
5650
25405
28332
13607
15526
21339
17863
30967
14073
11107
15640
14248
10670
10013
15687
15213
28390
13477
21858
22997
16583
12530
17580
28467
10173
8689
11237
16608
18718
24234
9671
19298
13845
15139
8278
13250
9559
6798
20323
9602
36883
9253
27284
19615
27752
15488
10303
11125
14348
26453
24919
14664
20517
7743
7117
16567
27990
13127
20040
13300
11969
21372
21135
13325
10972
7321
21766
25861
11825
14554
15641
9158
11010
17233
29042
11753
14960
23472
16111
18804
17645
18254
18913
27056
19131
30020
8014
6670
12936
18376
10312
19457
19050
4187
17400
14537
8670
23290
13299
15824
19508
29357
14694
17477
12819
3324
15430
9166
22446
16608
24770
19965
10811
9300
12948
19171
18796
9603
19896
18749
12529
21897
12987
16048
9351
20798
20497
11094
5305
13097
19423
22105
10599
13846
11846
15734
14840
23021
11895
19930
20402
16385
12582
11596
19984
19100
10539
13996
27553
1112
11975
28577
13354
15876
24999
33353
22393
17644
17429
17681
9654
13636
13428
8907
15476
23590
23877
27389
20762
12832
12669
17297
21261
5925
11068
13156
13734
23280
14717
11017
12190
6485
19137
11591
11380
13150
15930
11119
14355
28139
36497
19766
18482
21083
12749
22473
21425
8920
16617
8804
19797
25675
13051
20433
23515
22298
6046
10298
15140
9309
10408
22788
9632
24362
10656
23344
20405
14723
16990
17456
25658
17401
9588
19063
24411
17875
12219
18988
23190
12517
11859
26523
17026
20692
13741
10573
8822
11783
24109
12948
22467
14881
16395
17414
8378
12340
13854
6081
19027
26895
14583
18888
21965
10056
7809
22455
16820
12295
17751
9856
9764
21530
14300
18548
10840
15770
13176
14704
12271
12950
15056
16918
20111
11237
13492
15970
13365
21461
15549
18689
15043
11610
23649
20842
11788
21351
15963
13675
17497
17382
13983
21036
14206
13253
15615
10179
10883
10277
12607
7770
12337
15322
16910
12918
19622
12769
24237
10452
20948
17705
24340
9641
20298
27393
17472
21535
15908
18915
24832
11381
19949
16527
26186
13022
17673
18617
12444
9278
19107
15049
11875
16113
9718
7235
21821
21550
23550
15654
19651
32911
12926
23261
11229
11448
25389
19355
16024
15137
11709
19642
16719
21578
20495
19357
22428
12505
18819
6675
12623
16174
21860
23250
19904
16751
11946
15753
27839
21909
17633
14071
12731
25877
12354
14427
18527
13184
21219
19587
23177
6286
9976
8672
15366
22877
9915
14639
10653
21093
11845
11948
19681
16433
13688
19705
17138
20625
22030
21789
19320
12603
17978
11624
23192
5899
11892
11554
13535
22752
26710
21613
25662
10122
21096
17688
15582
10739
24662
16729
19588
16472
10656
10940
12327
12148
11701
12049
17828
17316
15868
17269
11320
13356
9471
19282
9398
15539
12309
10789
15593
18806
20980
4109
18961
20947
12746
13212
16827
14374
13182
19555
11654
21994
12594
16171
9282
1319
18689
20118
19543
14239
10467
9100
14275
17053
21295
24122
19498
18115
15913
19797
15692
9840
28656
12173
9219
11952
11455
25127
12147
12787
28324
17218
13507
8612
13315
7774
21561
12143
8831
21236
29474
25963
12184
12918
32191
22761
8738
18032
17867
15623
13490
16489
22276
22231
9748
9162
20260
11737
24164
23533
18510
15441
12717
7340
13904
20176
13414
21067
18735
12431
13087
3141
20549
18514
19590
28399
12706
3430
9959
18992
8491
15038
6600
12482
13703
20316
15049
14770
16417
14563
17058
19412
23111
12554
9875
11301
12943
11320
9766
2270
13281
15778
16412
17611
9568
17316
12110
19117
16575
20086
12295
12236
15125
11508
9992
19380
2355
13724
15822
23415
12365
7495
15820
10348
18586
11254
20711
14566
18040
13526
15345
7977
19683
14059
18874
13347
14257
13017
13363
13726
12433
25302
12992
11554
18071
7317
32491
10571
10691
17408
14298
24656
11277
9197
21436
9525
16186
12214
14849
16114
21902
10807
13345
5314
13983
6638
18587
11841
15212
13146
16905
23496
13278
18903
16357
13074
13098
19107
19660
19972
9110
11417
11700
1480
9593
27877
21735
11121
23105
17504
23140
10672
11769
15749
14472
18912
7875
13659
15040
27983
20404
23681
16856
11662
14678
21528
22264
18378
24784
8262
11494
1176
8616
22146
10761
21773
20594
12066
6124
21015
8930
19499
11866
21323
13627
14323
13836
13433
10990
12160
13226
12701
21070
11656
8891
15670
1862
10908
19006
12175
13300
13974
13579
9314
22357
28120
18687
17083
13558
23244
10505
10682
12393
7758
13219
15429
20190
16925
12027
23073
12759
8151
18207
16611
9847
15119
12441
20891
29040
12103
20256
21354
2330
14317
15035
6434
19600
17942
10449
14361
18809
21298
22927
22207
10961
14888
15306
16758
12206
15699
22010
15439
17123
15810
11460
17079
24153
13244
12826
12415
17682
20254
8022
17015
9793
11368
19569
12104
12718
22323
12149
15121
10751
10727
22491
15208
24308
12852
15023
18092
19785
11230
20127
9153
15014
10020
20883
8791
13904
11181
12756
13682
28651
11425
14203
21423
16354
15294
8009
11046
19544
23859
12445
17525
19385
13818
15168
12894
13894
7948
30859
8048
10149
13904
9380
12204
6602
23754
10385
19185
18834
6871
11059
5363
14572
15821
17293
19976
18492
21661
12773
23018
14609
14247
16795
5362
16113
10951
1845
20922
19230
10759
11564
25600
16545
15239
12992
13272
7016
22232
9923
14719
19543
13239
17523
13114
21141
18351
15670
11999
21824
11436
19672
20290
19719
16950
11196
11260
16074
20058
14274
10789
18739
9855
12532
33817
19679
16734
18685
10981
10404
8984
19013
9393
11269
11681
19604
19065
8831
8989
18274
19021
17730
11601
19164
3022
15684
10731
9517
24941
15579
9078
15670
13129
19969
17357
20120
20530
24209
16151
24819
12208
15411
23636
7824
14573
17893
13479
15955
12219
21384
19823
14052
22540
17403
12860
10106
22294
9508
23056
20188
9151
24322
12190
10825
18887
9991
16230
14281
21558
11387
19646
12205
13972
15206
15211
8747
21993
14108
16192
25307
11068
12214
10950
17046
9218
9633
10625
13053
19421
18939
12650
10637
21710
13626
22861
7768
15849
12418
26616
8527
22171
17147
12550
21060
17605
13134
10907
8509
9640
8787
11678
13078
11304
20019
16156
13680
28465
10439
10837
9977
15312
26990
12422
20540
15431
12963
6932
16411
13007
13107
11929
8971
18036
16236
18783
7763
16899
7626
19045
20788
16450
14934
18626
31352
18763
11911
6319
23588
11771
12800
11665
17144
16634
10522
20429
18617
13600
12614
22283
22127
15635
22910
18966
17326
9207
12637
19571
12226
17716
14117
16531
15737
10050
7120
20020
12440
18806
11348
12309
14412
13502
15121
17286
16369
14779
23427
27452
22863
24549
15847
20561
15874
9180
19136
12902
9647
13447
9859
19259
16727
17006
12531
15211
23483
15870
12432
10221
33811
20202
19275
9650
21581
7974
27551
17181
16758
24480
13582
17011
18067
20126
10753
13152
12723
28888
28340
14360
27062
22200
10659
10912
20780
18039
14195
23155
28944
4931
13944
12181
18539
13239
12910
17180
8906
17770
14124
17277
17979
18418
15600
26713
22338
16558
12289
11994
15133
15271
11312
17111
19425
7615
20452
20701
18814
21007
9869
17856
17632
15315
9332
28725
31565
8983
15089
16664
17411
19892
10333
18920
11692
17421
13580
8191
12671
17701
18783
14848
18138
20380
13257
18066
12416
20520
25955
19252
10913
14314
23451
17483
22402
19403
12499
15711
18677
21792
18654
21190
18905
15475
20236
19889
18002
16758
19642
10280
11786
10481
19690
8790
21094
16961
15568
19238
18973
20988
21315
17767
14715
9593
12103
16973
10606
12684
18048
11041
16632
11098
16150
10330
21749
15581
5763
8872
13447
7959
19180
11959
11860
16270
23389
16062
14937
2420
7646
4518
19215
22847
23439
9799
12166
11188
13741
18399
13522
19958
11010
14343
11488
27791
13852
13758
22169
19282
16438
12654
19922
16800
25703
13483
34834
12344
20692
10042
14054
12109
7692
15198
14599
17014
11428
18693
14623
20259
15688
10806
17802
15592
5748
16458
21097
18541
17326
9153
18093
17128
13974
18682
11436
12279
10469
14474
8132
22789
12098
17344
13186
23214
9938
19468
18868
11583
19110
12788
11358
17449
13091
14212
16818
10797
12719
20121
11659
13829
12174
18212
18847
14417
12193
16459
11145
10046
1374
20521
17437
12979
11232
13005
9371
8928
23258
10647
17225
10438
6939
7372
16103
12279
7225
11006
10256
19587
12204
11607
16471
12896
12107
19695
21719
19119
6149
10703
16037
9888
10529
20575
12537
4598
15385
13363
16242
19899
19030
14875
11469
19791
16655
13308
12301
16635
15332
10750
19160
14771
8501
18966
10789
13586
10706
5933
13893
15028
19581
23572
19500
36664
10512
5375
18057
16206
13736
16557
19185
12632
18893
20362
12076
24418
22547
22745
28498
26299
14425
14370
14393
7213
14832
16852
17165
11005
19868
17988
13617
22983
1014
11585
12276
13302
21260
14058
17592
24790
13915
10389
12110
11065
19531
11451
15863
22417
12115
13990
30644
3619
17313
25586
1142
11090
18649
14241
21051
10312
17371
23900
19054
29161
13873
15956
19072
22617
12549
7004
21603
14472
18593
28791
11198
15415
10656
15997
10338
10327
11805
9179
9154
19974
24811
9483
11369
8759
19654
21212
11519
11358
2970
12355
18161
17726
16869
24102
12389
11873
19096
22036
9573
9275
13977
14972
22782
10042
15575
12566
10771
6574
4603
14600
18864
2918
11961
11652
12690
8323
13443
9927
19691
13877
16731
10213
9384
11438
17929
10181
18886
10515
15400
15345
13749
14263
12581
19374
9899
35951
10577
9875
14012
19745
12540
16009
28988
21221
21088
25011
19213
16019
15436
28122
11113
19393
2336
19387
10100
4746
13274
17747
17064
14458
10384
15459
20262
14659
11553
8581
14451
19170
15162
18740
20365
16441
15220
9956
9831
9266
18040
14831
19793
22256
12115
15412
25231
1975
19863
11868
19184
11958
15703
11199
11255
25943
19602
12245
31439
9264
13517
18026
14909
4023
19053
27939
9848
10175
14745
22808
22151
10236
11158
12655
13377
14931
16301
12522
18181
19798
29295
10121
12865
13866
23970
13924
14964
8220
10954
18501
11340
4586
22329
10333
13648
19048
20000
13206
19590
12101
12397
10318
13851
15220
14523
10266
17527
16591
12376
10551
15551
19901
21703
22907
22227
13813
10904
13710
18678
18629
17208
14292
18634
12531
14598
13679
14465
13138
12310
15385
11046
22843
18935
11798
10897
17757
22788
12013
12773
15355
11038
12355
6551
12973
10951
12395
13983
11729
10555
8851
13812
15035
13756
13177
11038
19565
16748
12309
17162
15101
15344
22358
8049
14521
12689
15805
23485
15056
10935
17614
12832
16657
18206
11530
11471
18437
10423
14127
10897
10271
14563
18756
30767
24093
19431
12239
23560
19754
20601
9783
19397
17451
16262
15422
11363
19164
9646
16998
10525
11892
20800
21962
15849
12240
24165
10356
18781
10203
11284
26245
13708
10838
9352
25111
10677
13419
2589
7032
13038
10798
12250
7092
14190
8399
11074
23850
22335
21942
6890
16383
13215
13587
23654
17287
15211
13381
25430
13130
6767
20342
13475
11265
13038
13348
14064
12243
13908
15456
11959
10921
19609
11992
26582
17228
9259
14783
11666
22473
11793
13241
7715
14717
11120
28500
24066
11202
17202
12215
16180
22167
11455
18104
4155
11841
10667
20009
24603
10896
9348
11271
21705
26950
10577
1351
25533
8897
20228
18639
12437
7142
15989
11086
15790
13509
23207
12122
22974
7157
23323
12118
9732
18245
17950
23814
11204
9619
15074
12281
20325
12184
17046
18849
13302
18613
9692
20674
14446
8876
19687
7703
16391
8346
15562
13618
18464
14739
10525
10754
14562
10296
10924
17956
13375
14988
9082
26449
23562
13117
11638
14014
12484
18863
12367
22844
27153
16137
27391
13125
13809
16652
13580
11803
14669
12562
11307
12649
23580
25673
5694
20550
13274
19572
18360
7924
13169
13762
32364
7421
17674
15391
10718
20152
12158
12743
21034
16418
13551
11510
19116
16923
19293
7306
15838
8577
5427
20124
19659
17895
18897
2755
9782
20410
10623
10245
12748
17908
18290
17317
28889
9290
11486
12666
15227
11102
13572
18450
2826
12882
20825
19173
17818
10813
23964
17528
18521
16723
8521
24462
26690
17032
23272
16164
17799
19841
9437
14798
14663
20956
15331
32940
25430
10328
19810
11831
17274
9965
9025
14101
15574
19392
21665
12938
10357
11686
6493
21420
21409
18602
10651
10018
18547
12821
14542
12592
18622
10544
28634
10404
17989
16900
5988
18640
18008
31014
10861
10665
16254
11544
11877
9844
17320
26879
20250
17565
13638
15198
18921
18360
13888
15885
15331
13153
20687
21904
19786
19570
13543
16138
15992
18018
24367
6157
27203
1893
16225
16283
12908
10344
17251
18674
15169
18703
21260
21635
11314
17341
11845
13390
20207
17582
14897
12317
14518
13360
18449
15918
10750
12294
10530
20159
9716
15206
9808
18930
19364
14476
14231
8963
12509
13669
14988
11167
20761
17273
16940
19769
23240
9937
16209
4147
11192
12278
25037
11210
13008
16264
7776
13746
14112
19301
10130
24556
15563
11601
13051
10351
15423
19223
8182
10133
21711
10711
12987
7906
21536
17129
11799
12273
18287
24435
13448
5616
21766
15071
5969
11524
32311
16226
13079
12438
16640
14075
11491
15454
9617
20506
13885
16997
20658
18264
23069
14824
27749
16069
8586
17042
15666
14134
20336
29291
14007
9316
13818
13380
15004
11014
11888
11637
11932
18097
25673
16902
21578
8433
29103
17756
13474
14312
18713
16028
12542
18524
8108
15645
24629
14974
18979
20395
23190
20749
4266
8295
11030
12074
15260
14797
18169
10172
18250
15539
19475
20936
18284
17836
12252
13700
15978
21850
12642
10535
18300
12197
12582
15319
27673
15213
12915
18102
14791
19488
11418
15767
10706
18642
16307
13303
17864
26213
15135
23009
9119
22380
13689
19497
11579
6327
14464
12755
15883
24568
13046
9333
31135
14750
11967
11177
35867
12082
10238
17950
8396
17770
10389
1348
12367
11126
13057
16735
19827
10398
11758
12169
13213
16405
17269
13802
10987
7668
12097
13321
18970
23422
10570
9591
11419
29967
22566
16988
19869
22607
19353
11614
12941
12642
30707
15320
10434
21680
13507
11512
11499
12794
12178
6614
12476
20981
13716
10896
12895
7875
14821
13833
16136
8937
19786
6583
22653
16475
15075
19762
17351
19939
21580
22424
2899
21489
11698
8306
20054
8770
12118
23679
25024
23497
13106
9928
15150
20854
6849
25081
17887
18297
16141
8652
12567
10122
27706
22864
9783
11662
18756
22851
10881
14553
20852
10293
23287
13836
15855
11808
12829
13152
16745
16050
13206
9661
17929
15188
28615
19714
21473
8264
17477
19977
16630
12037
5617
12561
12878
11814
16343
28998
5233
11678
20716
16838
21043
8823
10187
11103
19858
12682
11833
22390
15989
11047
19298
18611
18377
10711
25857
11366
11124
16715
9842
14625
9281
11604
11511
12221
20697
14575
6072
18307
13584
17839
9968
19681
9997
12392
23864
27992
17265
8011
14216
13444
12524
11962
14231
21506
17000
13124
29346
18984
14302
12197
11357
19310
10655
14619
14024
19005
11929
17421
11029
10368
11713
21815
14333
16924
20867
14865
16388
13989
18749
19033
11233
9738
20558
9980
14710
15068
13073
10692
19533
28701
18863
11149
11746
16317
24511
11983
11771
14156
10918
18922
15121
14398
11198
10970
15093
13790
11487
11830
17826
11900
13970
11077
34362
18593
21208
9591
20346
12404
16214
19585
19876
14608
11987
15401
9993
12848
11347
20368
14504
18827
11096
15417
11006
20586
10756
15924
29200
12788
13200
13802
23123
17103
11440
14961
13233
19664
22829
10659
17030
9811
16444
10010
18524
23372
23954
19152
16786
13933
10603
13581
14860
10897
14981
9492
14351
25328
15466
18079
8730
15109
11129
13575
17225
9902
23014
19595
21268
9309
1074
13257
7516
12604
22644
18610
11715
10168
9652
12452
6533
10873
8734
32922
15799
23574
12503
17681
13908
10159
22645
18872
17116
25194
11034
36338
14277
9620
15992
15238
25697
11377
17427
17848
10701
6486
21771
21266
36856
20062
22367
1870
20903
13626
15045
24735
19222
18301
10874
8607
12182
21007
18884
12032
14032
10665
13570
10293
15466
10860
13339
9302
18541
17910
5424
15984
9827
19228
19007
8066
16794
13598
9813
10221
10737
14745
13506
11526
1194
27995
28348
17363
18619
15510
11494
12093
22278
10758
24474
23015
10131
19047
9773
18993
12520
18578
17013
14433
21534
26753
12155
24754
21048
14382
12595
10530
11634
21157
17022
23319
15522
14425
9539
19966
12682
10626
15056
16715
14103
11387
22882
8658
10102
18051
17419
16651
9067
8835
22472
11706
17833
13361
14157
20996
20081
27113
9179
24916
20559
11911
8718
13301
18853
7063
25569
18384
9334
19118
14723
24497
16934
9354
9714
23370
10477
20110
20124
11280
11678
14761
12372
13923
17455
17477
9645
13984
1332
21129
9991
18910
19737
9150
11648
20492
14114
7307
12206
7986
8905
15153
18024
9968
19278
20458
1241
12960
11850
7763
12655
10187
8670
21879
16751
14418
20064
12738
20458
3019
12379
18737
17681
13088
15530
22466
13606
19336
24435
4156
20281
18458
23303
12556
10089
9873
11848
18162
