205
3067
2640
15860
788
91
9528
11683
42
5
3943
56
6
1
188
125
432
508
359
8
24
12082
496
129
13
72
24
11
686
63
457
7
8
13650
10379
56
8
16
1274
12
3
42
6332
77
12
12
6
395
48
89
818
44
829
213
129
50
12
228
126
73
627
1234
11
127
5
3
12
1
50
119
1
44
12
896
8580
118
1241
9
8144
2
72
49
205
17
41
18
456
116
13
898
10
795
1549
2332
9178
141
13
8208
69
406
14184
593
259
285
11092
222
10
11352
13002
50
99
9875
14389
11216
127
9
2319
4
5984
3618
626
44
14
5
261
62
13
147
11557
15
5
10912
14009
13181
957
52
9301
14357
7
225
2111
12
5744
10
1681
102
12
10
126
10772
255
47
232
63
1
11
331
13517
12
14165
3832
14
7541
75
118
1540
119
80
6
89
1564
160
196
69
241
13
113
10747
244
440
242
3
40
2
678
15
97
2053
447
181
321
66
85
354
11
16
11
10778
95
92
37
3
1059
4
10373
15479
258
33
536
28
361
2
7
13
2
41
3490
9367
314
1012
75
267
1849
1
18
8725
293
994
248
21
10345
192
111
796
92
12250
14674
587
754
228
10443
239
87
54
9046
1
13780
7
7973
40
394
338
9157
3915
7723
16760
14543
11721
13
255
74
13
14060
712
246
329
192
14
15
1
14
584
6702
286
11349
157
153
136
212
34
10668
194
52
16178
304
1343
1
130
7
87
14
3
235
153
176
62
50
14421
6
122
12
42
12776
15
7814
63
4
14
13433
71
1508
112
113
10923
1717
12785
301
67
1613
8183
4002
10
53
15564
36
331
167
37
12
139
255
2
4916
292
271
4
11
219
3
11450
1740
106
385
156
5
139
220
1
16407
10848
16352
9346
2
6
11961
11
13446
9
265
1
11
1073
1916
10207
339
9
125
34
4
19
13198
36
88
1
119
55
99
152
3
15843
1010
2
245
46
180
7
198
10551
11658
203
9
4
3821
7
39
1804
15
3
12019
361
435
11351
8
248
7
9381
1640
213
9
682
6
398
143
204
8659
718
59
125
569
35
13569
16
4
50
17085
334
40
4
3238
22
832
13075
15
37
6
39
39
46
265
272
163
94
416
1745
353
9124
7
10
6
2095
8
34
140
88
136
278
136
23
943
456
111
4
386
121
2
1538
120
260
98
12447
173
127
1
203
91
12911
171
78
141
58
15
948
62
8
6
177
25
10143
148
7737
141
16034
1409
1469
77
9253
13
196
291
249
1704
26
2674
74
4
5
14
194
10371
9
112
201
149
1321
2626
22
39
302
9992
3727
242
225
714
1
17
275
400
286
9128
6570
12933
40
65
19
19571
8
12281
93
2002
317
12063
694
466
12
211
2
13
162
10486
632
357
97
7
13
46
12519
5269
10421
484
13
53
503
1311
11083
1604
11072
210
2
14158
80
58
233
978
3
4
12786
347
46
13059
3
299
15
8178
152
261
10065
16550
2109
180
78
146
320
376
14
201
146
14
787
102
9
6723
15
6
10
569
14567
14
95
80
7
317
11276
3
13911
2850
12176
422
93
11337
187
61
3650
14696
364
798
52
17867
6
10793
219
2603
10935
857
190
12965
51
323
55
10341
13628
10892
12940
1359
7559
16922
9
59
3
2492
240
349
11
107
14359
71
8
15100
2886
134
15
415
1174
165
2875
9717
62
91
202
15
20
2
133
11646
14
598
38
13794
13102
10609
1876
1315
11922
542
33
225
13037
229
849
6
16853
11361
140
780
8824
1794
3
91
1624
9
241
9
102
59
3679
41
142
11991
484
6897
11
119
264
17302
7
146
70
1891
33
11
146
15
2
10454
13
10884
170
11629
11065
38
4051
15042
1606
366
12
11699
630
139
34
4
2167
1686
293
1398
359
2
240
259
943
1221
43
76
193
12
11653
14
1273
861
613
5341
365
161
10
8
539
10526
91
1070
567
44
209
409
16706
87
205
102
11546
1
29
70
10356
346
11833
197
43
4
9635
9
1303
2124
266
10774
6
197
54
14
9
10
12119
238
204
2
14230
14
161
716
13
361
149
43
3
12612
54
68
82
50
8062
644
2
9736
105
1671
89
1094
224
839
1045
84
11302
14796
569
39
167
522
40
129
380
8935
10598
13
14282
563
467
12
192
37
75
63
19
63
45
2
229
179
1135
13405
33
4
3579
19730
211
2
9201
13717
37
27
160
2736
1376
161
98
580
779
46
8
8
109
11898
6
7201
12042
1009
15964
43
1324
12
34
129
12462
75
1404
12519
8
13648
38
61
9061
189
132
3192
49
273
78
155
9
17917
9145
2422
993
296
933
227
2
141
39
557
139
76
13
15223
62
166
13
12794
303
11
35
11
2188
134
408
9
40
2834
135
3
15655
171
32
143
114
204
61
430
22009
74
318
719
155
2
74
61
3
73
88
289
1899
1059
14
3
3
295
262
9
9
11784
296
43
856
555
7009
15
352
638
15
11
17266
62
10847
2712
218
7815
853
51
13
6
76
114
312
1208
3001
13
734
58
261
2466
259
277
20
1524
15343
4
13071
12
9962
12
212
61
247
30
2148
100
9577
276
15965
678
13439
142
9
10287
2988
9
8301
612
306
108
404
196
145
16784
4
49
1533
370
17462
849
12248
189
149
16081
15985
205
1359
302
56
11531
645
9
2204
11804
16605
23
7
394
191
212
1
137
1593
3269
191
578
232
127
1057
7
821
260
13240
464
133
4661
137
280
150
1151
10
12017
52
4796
2414
74
81
634
206
8243
277
5
5
227
989
15
78
13
130
335
5468
11543
12272
687
17506
8
97
11593
98
10314
61
1417
300
7302
186
55
15
9021
25
773
12082
754
174
187
10717
2041
14
8
885
504
1473
9853
238
223
56
10502
23
541
13529
9
13599
8217
9043
35
14
457
87
2319
12
118
69
7497
8853
14
11865
69
33
289
15
14068
228
12024
14
159
176
6
459
1
348
11
169
8
12
11
207
243
31
14412
27
72
468
987
6272
8707
10894
9179
75
108
100
829
1768
268
12260
15691
6110
2976
816
1493
91
73
91
228
9
4
78
189
9665
3220
682
121
13
805
11
111
10688
1204
401
906
4049
263
84
12
321
35
16411
405
13390
733
2140
144
15
173
126
291
4
34
294
1099
3
118
2
10990
74
15978
538
501
1614
362
3
31
28
161
15
224
14
119
3349
2199
11
17
129
2
5801
179
198
7465
11834
19
61
140
5
15
13287
6231
12
86
10
9038
54
471
12408
237
68
13829
758
2455
12181
48
12972
8441
35
99
14979
15
43
175
8807
12
8452
10224
15380
1936
556
3966
7
10844
15326
7767
15823
370
90
2084
1154
11364
69
12632
7
5204
226
11900
171
2
769
4
279
5
114
11346
5426
238
2070
10624
166
179
1
8009
275
8
12559
11
52
333
11
12005
13927
9348
9694
6276
59
476
136
6998
657
50
15375
2
143
568
183
16837
73
127
284
122
11731
11
15338
13006
164
4080
138
13193
6063
758
43
879
123
697
15
3
136
6
2
490
1150
50
9378
14658
114
72
6
5
35
12
9469
13
14001
1
106
58
8
275
7
866
109
255
226
14
5
294
13
200
198
93
6
287
9878
1099
1051
3
11509
7878
12977
131
281
20
815
9727
10626
119
53
367
628
10959
100
3079
532
17403
237
78
415
421
2393
390
294
66
10826
9976
11139
54
324
3973
182
4
10
995
140
47
9
16177
125
8
15
374
6997
6
11415
12858
273
187
496
37
1
61
14
1240
19
11
8438
77
2389
36
2269
174
142
97
271
556
10872
52
11
2
946
3
9819
1082
82
200
2362
12546
52
15
663
8
124
99
5
14
144
132
12709
1579
1528
207
417
71
13
262
91
43
51
337
42
8
868
84
14
6
186
8482
44
543
42
85
6924
113
76
8953
3
1
374
38
282
103
778
4
621
186
11481
371
323
812
98
14842
40
13
206
304
11130
27
559
11
187
53
55
12
10
1489
3
14
5051
372
1199
77
331
33
2
13
2
153
188
291
128
10111
12119
2
1000
89
9
24
5330
50
18
10
36
3338
9001
6163
11079
320
5186
4
116
14
46
15
458
12
10
5231
815
88
12
8010
777
79
311
258
199
20809
24
5762
307
100
2
2610
10
11
289
2
11030
553
4
634
14
6859
12763
38
450
8
88
11
9548
17
4
17583
1288
8262
1162
2161
718
46
4136
64
12
8180
8
40
10368
12293
15
68
11331
1
10
1890
7549
4867
25
10
59
780
12
417
7
1586
287
65
8540
44
396
14453
9625
2148
51
104
46
13
14
352
344
320
12636
6
60
315
401
118
1194
10
102
264
13
4
16990
10800
208
9
71
20
249
81
393
10588
958
15260
103
206
6716
6
532
2
551
87
83
9678
250
12544
161
7165
59
7
7694
10782
9919
10590
160
284
8
48
185
125
1141
344
230
8
9173
401
8
13
2
726
219
5188
10908
223
4556
60
6
534
1507
1013
761
418
14
116
418
5610
129
217
7919
273
615
11206
186
92
168
9690
28
454
40
2
13
35
1108
7
451
58
13318
10474
360
11675
996
232
316
9565
468
439
202
165
107
228
205
15
11513
11163
11059
19
39
12987
219
417
152
15073
7702
323
8
180
38
1107
366
92
8
270
198
824
168
367
1737
45
84
11
100
12531
383
262
223
4122
7475
10241
120
14
648
3
235
129
166
9
75
65
4
12103
58
646
66
734
4
12083
334
7
100
14
677
187
305
293
6922
1375
508
220
15473
905
2284
1543
5
12522
265
12928
198
9475
58
131
250
55
24
87
5
200
96
1800
43
8179
2
5
2
186
13
117
380
7284
1935
185
8948
19
914
158
7573
1711
76
158
9961
237
42
9206
13270
253
531
7844
3489
15
8963
195
445
107
367
11369
935
76
188
3907
12
98
76
598
504
13
421
508
240
1908
5
1195
11
302
111
56
64
891
32
74
8
98
332
13461
286
299
6
5546
11902
115
157
7
3764
126
10080
13
18
169
72
274
8249
1036
77
15
330
185
41
9216
318
14629
1854
13681
56
189
220
185
6529
169
96
304
2
147
12572
9355
14
8
156
70
1963
10
18
96
247
7
50
2
9
7
12148
12821
6
2
7
447
15344
387
2079
11
227
189
47
36
4708
9121
37
29
2
12839
1453
39
9566
14
144
93
85
10550
2170
101
133
193
15102
1033
748
9
11320
1156
117
14
1
199
9622
28
13103
161
165
432
9790
11260
1386
471
17
63
353
229
98
254
83
9348
168
210
4
1511
77
6158
4
344
531
60
216
62
201
255
11696
8061
106
67
1065
164
126
128
13463
233
976
1690
9884
67
6179
13
13
14
3441
9
94
50
10739
248
1647
941
1192
47
12
8226
188
221
697
10464
15375
5
36
1
10849
234
2347
298
49
6
12820
92
14635
2939
182
16416
71
12066
205
33
84
134
7
206
14897
38
12
1046
2413
7
8980
8363
653
8662
53
12091
9444
734
14793
11525
40
602
15
202
106
30
441
168
56
12075
539
258
33
367
927
72
146
33
2
12729
361
13
13356
12
14
14
50
122
46
10444
174
3100
15
197
145
102
325
13
240
282
226
313
103
13270
9485
190
46
1933
67
603
7815
51
1773
17147
138
7173
9212
12107
10597
1378
702
197
101
767
3057
11473
37
2
3664
138
14
681
674
314
178
858
17
11554
629
492
187
623
12445
192
462
720
420
221
424
17
2322
393
14451
128
398
1544
7
49
37
112
207
148
9879
83
12
17934
6222
9907
305
1453
2898
106
10608
35
491
560
621
12898
1
215
489
123
256
14801
572
4
1446
2689
14
420
214
452
48
1302
85
28
1711
223
54
15
9497
13
223
11
449
7
9582
11729
6431
986
6907
68
75
115
14181
136
14
4
287
65
150
95
1007
138
5
14174
2
66
1334
5
8
169
14
206
9174
11639
322
38
10083
4
269
360
10520
6155
455
39
10
61
104
10
745
1862
77
150
172
14021
9404
8
38
659
1632
140
7210
11216
32
406
10
74
111
196
314
16
12
69
13066
11559
2
460
251
10256
172
6917
4939
86
1020
1322
1585
41
150
11
160
9751
357
72
36
162
14
35
194
157
8505
3252
8331
9685
85
15745
1
5327
2010
10
11
4
97
55
14825
49
73
95
202
205
4
12659
323
8
114
1224
747
378
902
3
1065
32
2
21443
49
15
1950
14
14
73
66
6
345
5801
309
2
95
11082
396
8047
287
897
17
200
380
7
197
13730
48
10306
187
417
955
40
180
49
108
1619
10985
236
251
10398
1
190
964
1670
14
3045
11969
264
122
9087
120
128
308
14529
8263
9
161
154
814
60
95
1004
31
97
166
628
175
5293
15
13
10650
13
14
116
2171
991
17
136
234
32
10
9610
77
331
129
89
7102
102
12
7980
3425
159
173
319
12327
102
124
131
91
4644
15
43
1034
240
6
566
12773
523
12075
14
519
223
15
5355
6
984
403
2
9854
11235
