      Tig     Reads    Length         Area  Memory GB  Partition    Data GB
--------- --------- --------- ------------  ---------  ---------  ---------
        1      4295   2569458  11035822110      2.450          1      0.052
        2        26     57574      1496924      0.055          2      0.001
        3         1      1611         1611      0.002          2      0.001
        4         1     35826        35826      0.034          2      0.001
        5         1      1520         1520      0.001          2      0.001
        6         1      4526         4526      0.004          2      0.001
        7         1      1075         1075      0.001          2      0.001
        8         1      4986         4986      0.005          2      0.001
        9         1      1246         1246      0.001          2      0.001
       10         1      6355         6355      0.006          2      0.001
       11         1     24977        24977      0.024          2      0.001
       12         1      1293         1293      0.001          2      0.001
       13         1      1066         1066      0.001          2      0.001
       14         1     36883        36883      0.035          2      0.001
       15         1     27752        27752      0.026          2      0.001
       16         1      1112         1112      0.001          2      0.001
       17         1      7235         7235      0.007          2      0.001
       18         1      1319         1319      0.001          2      0.001
       19         1      3141         3141      0.003          2      0.001
       20         1      5314         5314      0.005          2      0.001
       21         1      1480         1480      0.001          2      0.001
       22         1      1176         1176      0.001          2      0.001
       23         1     12103        12103      0.012          2      0.001
       24         1      5363         5363      0.005          2      0.001
       25         1      3022         3022      0.003          2      0.001
       26         1     19136        19136      0.018          2      0.001
       27         1     16150        16150      0.015          2      0.001
       28         1      2420         2420      0.002          2      0.001
       29         1      1374         1374      0.001          2      0.001
       30         1      1014         1014      0.001          2      0.001
       31         1      1142         1142      0.001          2      0.001
       32         1      1020         1020      0.001          2      0.001
       33         1      9264         9264      0.009          2      0.001
       34         1      4147         4147      0.004          2      0.001
       35         1      4266         4266      0.004          2      0.001
       36         1      1348         1348      0.001          2      0.001
       37         1     19714        19714      0.019          2      0.001
       38         1      1074         1074      0.001          2      0.001
       39         1     36856        36856      0.035          2      0.001
       40         1      1870         1870      0.002          2      0.001
       41         1      1194         1194      0.001          2      0.001
       42         1      1332         1332      0.001          2      0.001
       43         1      1241         1241      0.001          2      0.001
